      0/29     2.57G   0.06438   0.01179  0.009022    0.0852         8       640    0.3637    0.6162    0.3463   0.08908   0.07806    0.0161   0.01611
      1/29     2.51G    0.0444  0.006929  0.002341   0.05367         7       640     0.789    0.7581     0.768     0.362   0.07495    0.0176  0.005426
      2/29     2.51G   0.03555  0.005391  0.001306   0.04225         8       640     0.952    0.9764    0.9856    0.6505   0.05803   0.01402  0.004492
      3/29     2.51G   0.02832  0.004612 0.0008312   0.03376         7       640    0.9697    0.9805    0.9884    0.8148   0.05752    0.0108  0.003465
      4/29     2.51G   0.02416  0.004198 0.0005741   0.02894         4       640    0.9773    0.9828    0.9905    0.8306   0.04941   0.01203  0.003328
      5/29     2.51G   0.02166   0.00409   0.00049   0.02624         5       640    0.9713    0.9843    0.9909    0.8344   0.04487   0.01279  0.002826
      6/29     2.51G   0.02046  0.003985 0.0004618   0.02491         5       640    0.9779    0.9792    0.9922    0.8643   0.04125   0.01305  0.002518
      7/29     2.51G   0.01908  0.003957 0.0004446   0.02348        13       640    0.9755     0.988    0.9927    0.8694   0.03689   0.01349  0.002308
      8/29     2.51G   0.01781  0.003788 0.0004239   0.02202         6       640    0.9793    0.9858    0.9932    0.8687   0.03908   0.01225  0.002112
      9/29     2.51G   0.01729  0.003682 0.0003706   0.02134        10       640    0.9841    0.9761    0.9926    0.8654   0.03363   0.01416  0.001972
     10/29     2.51G   0.01622  0.003578 0.0003911   0.02018         3       640    0.9846     0.985    0.9936    0.8813   0.03214    0.0143  0.001911
     11/29     2.51G   0.01566  0.003505 0.0002891   0.01946         6       640    0.9819    0.9915     0.995    0.8951   0.03319   0.01348  0.001805
     12/29     2.51G   0.01509  0.003441 0.0002652    0.0188         7       640     0.984    0.9842    0.9945    0.8997   0.03184    0.0141  0.001798
     13/29     2.51G   0.01443  0.003318 0.0002527     0.018         9       640    0.9836    0.9856    0.9941    0.9022   0.03111   0.01443  0.001626
     14/29     2.51G   0.01368  0.003211  0.000245   0.01714         6       640    0.9813    0.9871    0.9941     0.902   0.03123   0.01416  0.001772
     15/29     2.51G   0.01312  0.003051 0.0002267   0.01639         6       640    0.9812    0.9898    0.9941    0.8971   0.03035   0.01445   0.00166
     16/29     2.51G    0.0128   0.00304  0.000236   0.01608         9       640    0.9809    0.9925    0.9951    0.9014   0.02945   0.01456  0.001573
     17/29     2.51G   0.01221  0.002919 0.0002114   0.01534        13       640    0.9825    0.9909    0.9951    0.9127   0.02938   0.01489  0.001446
     18/29     2.51G   0.01179  0.002853 0.0002006   0.01484         8       640    0.9829    0.9894     0.995    0.9061   0.02842   0.01506   0.00163
     19/29     2.51G   0.01139  0.002875 0.0002139   0.01448         7       640    0.9819      0.99    0.9947     0.908   0.02679   0.01566  0.001516
     20/29     2.51G   0.01083  0.002735  0.000136    0.0137         8       640    0.9802    0.9917    0.9947    0.9061   0.02665   0.01553  0.001519
     21/29     2.51G    0.0104  0.002681 0.0001501   0.01323         9       640    0.9853    0.9892     0.995    0.9103   0.02605   0.01555  0.001491
     22/29     2.51G   0.01015  0.002677 0.0001434   0.01297         8       640    0.9774    0.9948    0.9947    0.9096   0.02533   0.01613  0.001465
     23/29     2.51G  0.009841  0.002646 0.0001462   0.01263         4       640      0.98    0.9933    0.9952    0.9074   0.02529   0.01618  0.001342
     24/29     2.51G  0.009805  0.002602 0.0001627   0.01257         6       640    0.9776     0.996    0.9951    0.9095   0.02491   0.01614  0.001417
     25/29     2.51G  0.009484  0.002572 0.0001251   0.01218         9       640    0.9818    0.9905    0.9949    0.9131   0.02428   0.01635  0.001444
     26/29     2.51G  0.009476  0.002565 0.0001561    0.0122         7       640    0.9825    0.9917     0.995    0.9111   0.02424   0.01657   0.00137
     27/29     2.51G  0.009249  0.002553 0.0001147   0.01192         8       640    0.9808    0.9935    0.9952    0.9129   0.02388   0.01663  0.001391
     28/29     2.51G  0.009112  0.002506 0.0001322   0.01175        10       640    0.9791    0.9946    0.9951    0.9104   0.02399   0.01662  0.001331
     29/29     2.51G  0.009119  0.002477 0.0001256   0.01172         7       640    0.9806    0.9934    0.9953    0.9148   0.02392   0.01641  0.001281
